03668080e480402499
0101
0101
03668080fc80403c99
0101
0101
036680807b8040bb99
0101
0101
03668080e380402399
0101
0101
03668080e480402499
0101
0101
03668080e780402799
0101
0101
03668080e880402899
0101
0101
03668080eb80402b99
0101
0101
03668080f080403099
0101
0101
03668080ef80402f99
0101
0101
03668080b780407799
0101
0101
03668080ad80406d99
0101
0101
036680809b80405b99
0101
0101
036680808e80404e99
0101
0101
036680808780404799
0101
0101
036680808a80404a99
0101
0101
036680809980405999
0101
0101
03668080a880406899
0101
0101
03668080e280402299
0101
0101
03668080ea80402a99
0101
0101
03668080af80406f99
0101
0101
03668080a280406299
0101
0101
036680809a80405a99
0101
0101
036680809080405099
0101
0101
036680807c8040bc99
0101
0101
036680807c8040bc99
0101
0101
036680807d8040bd99
0101
0101
036680808d80404d99
0101
0101
03668080a380406399
0101
0101
03668080bb80407b99
0101
0101
03668080e480402499
0101
0101
03668080f180403199
0101
0101
03668080ff80403f99
0101
0101
03668080a480406499
0101
0101
036680809a80405a99
0101
0101
036680809380405399
0101
0101
036680808c80404c99
0101
0101
036680808680404699
0101
0101
036680808380404399
0101
0101
036680808280404299
0101
0101
036680807e8040be99
0101
0101
03668080708040b099
0101
0101
03668080678040a799
0101
0101
03668080628040a299
0101
0101
036680805080409099
0101
0101
036680804880408899
0101
0101
036680803b8040fb99
0101
0101
03668080328040f299
0101
0101
036680802a8040ea99
0101
0101
03668080238040e399
0101
0101
036680803d8040fd99
0101
0101
036680808580404599
0101
0101
03668080a780406799
0101
0101
03668080ba80407a99
0101
0101
03668080e180402199
0101
0101
03668080e780402799
0101
0101
03668080ed80402d99
0101
0101
03668080f180403199
0101
0101
03668080f480403499
0101
0101
03668080f680403699
0101
0101
03668080fa80403a99
0101
0101
03668080fb80403b99
0101
0101
03668080bd80407d99
0101
0101
03668080b480407499
0101
0101
03668080ad80406d99
0101
0101
036680809c80405c99
0101
0101
036680809480405499
0101
0101
036680808a80404a99
0101
0101
036680808a80404a99
0101
0101
036680808780404799
0101
0101
036680808180404199
0101
0101
036680808080404099
0101
0101
036680808256409499
0101
0101
036680808442408699
0101
0101
03668080863940ff99
0101
0101
03668080873340f499
0101
0101
03668080872940ee99
0101
0101
03668080892740ee99
0101
0101
036680808a3040fa99
0101
0101
036680808a3740fd99
0101
0101
036680808a58409299
0101
0101
036680808a6540af99
0101
0101
0366808080e5402599
0101
0101
03668080849a405e99
0101
0101
03667e9a848040a099
0101
0101
03668261848040a799
0101
0101
0366825f8480409999
0101
0101
03668260848040a699
0101
0101
03668079848040bd99
0101
0101
0366807a848040be99
0101
0101
0366807a848040be99
0101
0101
036680808480404499
0101
0101
036699808480405d99
0101
0101
03669f808480405b99
0101
0101
03666681848040a399
0101
0101
03665f818480409a99
0101
0101
036653818480409699
0101
0101